husky 0.0516 106 195 129 220
husky 0.0266 101 71 113 108
husky 0.0145 116 78 125 106
husky 0.0117 122 119 134 165
husky 0.0114 133 63 142 99
husky 0.0098 147 63 154 98
husky 0.0092 139 65 147 102
husky 0.0083 127 76 133 104
husky 0.0083 156 59 168 99
husky 0.0074 6 6 410 357
husky 0.0061 105 132 112 164
husky 0.0056 152 2 291 50
husky 0.0045 0 72 10 101
husky 0.0043 0 51 8 64
husky 0.0042 115 126 121 162
husky 0.0038 143 125 155 164
husky 0.0037 35 200 66 223
husky 0.0037 0 26 7 41
husky 0.0036 0 88 6 102
husky 0.0034 233 43 421 391
husky 0.0033 163 123 177 166
husky 0.0032 65 202 89 220
husky 0.0032 0 144 7 152
husky 0.0031 86 88 97 110
husky 0.0030 46 -3 332 149
husky 0.0028 -1 193 69 225
husky 0.0028 0 155 38 184
husky 0.0027 117 128 123 163
husky 0.0025 13 157 50 200
husky 0.0024 6 87 13 100
husky 0.0024 0 156 21 201
husky 0.0023 53 187 62 198
husky 0.0021 9 143 18 151
husky 0.0020 0 183 39 235
husky 0.0018 155 126 164 164
husky 0.0018 0 169 23 233
husky 0.0017 50 149 330 413
husky 0.0016 106 116 128 166
husky 0.0016 0 120 18 132
husky 0.0014 14 145 34 154
husky 0.0013 0 136 17 153
husky 0.0012 83 2 299 73
husky 0.0012 132 65 141 88
husky 0.0012 -1 215 42 233
husky 0.0011 56 189 85 213
husky 0.0011 169 59 178 99
husky 0.0010 66 208 74 219
husky 0.0010 144 155 155 163
husky 0.0010 -1 134 38 153
bulldog 0.9378 181 183 261 300
bulldog 0.0346 106 195 129 220
bulldog 0.0299 101 71 113 108
bulldog 0.0219 6 6 410 357
bulldog 0.0186 117 79 125 106
bulldog 0.0137 122 119 134 165
bulldog 0.0120 133 63 142 99
bulldog 0.0113 147 63 154 98
bulldog 0.0109 139 65 147 102
bulldog 0.0098 156 59 168 99
bulldog 0.0096 127 77 132 104
bulldog 0.0066 105 132 112 164
bulldog 0.0060 36 202 67 223
bulldog 0.0046 115 126 121 162
bulldog 0.0045 65 202 89 220
bulldog 0.0043 0 51 8 64
bulldog 0.0041 0 88 6 102
bulldog 0.0040 0 72 10 101
bulldog 0.0039 152 2 291 50
bulldog 0.0036 53 187 62 198
bulldog 0.0036 163 123 177 166
bulldog 0.0036 0 26 7 41
bulldog 0.0034 95 176 301 415
bulldog 0.0034 143 125 155 164
bulldog 0.0033 0 144 7 152
bulldog 0.0033 -1 214 44 234
bulldog 0.0033 -1 193 69 225
bulldog 0.0033 117 128 123 163
bulldog 0.0029 86 88 97 110
bulldog 0.0028 13 158 50 201
bulldog 0.0025 9 143 18 151
bulldog 0.0024 233 43 421 391
bulldog 0.0021 0 183 39 235
bulldog 0.0020 0 153 43 188
bulldog 0.0020 0 120 18 132
bulldog 0.0020 0 154 26 199
bulldog 0.0019 6 87 13 100
bulldog 0.0019 155 126 164 164
bulldog 0.0017 102 287 244 416
bulldog 0.0015 169 59 178 99
bulldog 0.0014 14 145 34 154
bulldog 0.0014 28 0 375 204
bulldog 0.0014 66 208 74 219
bulldog 0.0014 0 169 23 233
bulldog 0.0013 105 190 129 208
bulldog 0.0013 106 116 128 166
bulldog 0.0013 0 136 17 153
bulldog 0.0011 0 118 36 135
bulldog 0.0011 -1 134 38 153
bulldog 0.0011 31 4 313 92
bulldog 0.0011 58 187 87 220
bulldog 0.0010 160 1 404 141
bulldog 0.0010 162 172 252 212
bulldog 0.0010 114 77 122 107
bulldog 0.0010 0 223 57 240
bulldog 0.0010 87 100 95 109
bulldog 0.0010 139 176 176 211
