husky 0.0257 22 56 46 130
husky 0.0191 0 79 9 131
husky 0.0142 82 66 99 128
husky 0.0129 0 185 17 196
husky 0.0128 9 67 25 126
husky 0.0123 0 169 35 184
husky 0.0120 1 178 49 191
husky 0.0111 0 172 50 198
husky 0.0111 99 63 118 124
husky 0.0084 7 90 18 130
husky 0.0076 0 174 32 189
husky 0.0072 171 151 346 418
husky 0.0052 95 58 106 123
husky 0.0048 60 73 81 128
husky 0.0047 71 150 118 209
husky 0.0044 0 6 13 36
husky 0.0028 113 322 398 416
husky 0.0026 79 0 114 24
husky 0.0024 0 0 42 34
husky 0.0021 51 0 82 27
husky 0.0019 -1 219 44 239
husky 0.0019 0 146 33 185
husky 0.0019 8 190 52 200
husky 0.0018 96 57 103 77
husky 0.0017 -4 164 75 199
husky 0.0017 0 183 20 230
husky 0.0016 0 182 30 190
husky 0.0015 276 81 441 397
husky 0.0014 -8 0 394 419
husky 0.0013 113 0 122 18
husky 0.0013 27 0 75 29
husky 0.0012 90 61 100 133
husky 0.0011 128 61 137 119
husky 0.0011 15 1 35 34
husky 0.0011 0 177 29 244
husky 0.0011 13 0 58 31
husky 0.0010 73 60 90 128
husky 0.0010 15 65 29 135
husky 0.0010 71 68 83 125
bulldog 0.8968 172 152 342 413
bulldog 0.0344 22 58 46 130
bulldog 0.0255 0 79 9 131
bulldog 0.0175 82 66 99 128
bulldog 0.0123 98 63 119 127
bulldog 0.0115 0 172 50 198
bulldog 0.0111 9 67 25 126
bulldog 0.0104 72 150 118 209
bulldog 0.0103 0 185 17 196
bulldog 0.0094 0 168 37 186
bulldog 0.0082 7 90 18 130
bulldog 0.0051 60 73 82 127
bulldog 0.0050 0 6 13 36
bulldog 0.0049 95 58 106 123
bulldog 0.0030 113 322 398 416
bulldog 0.0030 135 0 395 174
bulldog 0.0026 1 178 49 191
bulldog 0.0025 0 0 42 34
bulldog 0.0025 15 65 29 135
bulldog 0.0024 -4 164 75 199
bulldog 0.0023 79 0 114 24
bulldog 0.0022 96 57 103 77
bulldog 0.0020 51 0 82 27
bulldog 0.0019 26 129 384 419
bulldog 0.0019 0 146 33 185
bulldog 0.0018 -1 219 44 239
bulldog 0.0018 0 183 20 230
bulldog 0.0017 90 61 100 133
bulldog 0.0014 74 69 83 131
bulldog 0.0013 113 0 122 18
bulldog 0.0012 0 182 47 244
bulldog 0.0012 27 0 75 29
bulldog 0.0012 13 0 58 31
bulldog 0.0012 15 1 35 34
bulldog 0.0012 73 60 90 128
bulldog 0.0010 260 83 470 419
bulldog 0.0010 0 57 34 114
