husky 0.0053 166 288 218 333
husky 0.0033 0 4 21 131
husky 0.0032 0 255 12 369
husky 0.0025 0 161 17 294
husky 0.0024 96 56 340 385
husky 0.0022 170 288 193 332
husky 0.0018 0 296 16 408
bulldog 0.9294 99 59 339 383
bulldog 0.0058 0 262 15 408
bulldog 0.0042 170 288 217 336
bulldog 0.0032 0 328 18 415
bulldog 0.0031 0 239 13 359
bulldog 0.0028 271 272 279 282
bulldog 0.0027 0 163 16 293
bulldog 0.0025 154 229 260 346
bulldog 0.0024 0 4 21 131
bulldog 0.0023 162 284 261 342
bulldog 0.0013 170 288 193 332
bulldog 0.0012 -1 161 86 294
bulldog 0.0010 229 323 363 415
