husky 0.0430 129 156 364 351
husky 0.0026 407 63 415 118
husky 0.0018 401 80 416 218
husky 0.0017 406 65 416 155
husky 0.0014 405 22 415 121
husky 0.0012 73 62 116 85
husky 0.0011 0 364 13 413
bulldog 0.7827 127 157 362 353
bulldog 0.2009 130 166 248 339
bulldog 0.0033 0 332 14 411
bulldog 0.0022 0 370 14 414
bulldog 0.0022 407 65 416 118
bulldog 0.0020 0 338 27 413
bulldog 0.0017 75 64 106 84
bulldog 0.0015 401 80 416 218
bulldog 0.0013 406 65 416 155
bulldog 0.0012 405 22 415 121
bulldog 0.0010 0 273 13 402
bulldog 0.0010 325 0 416 33
