husky 0.0079 36 31 411 421
husky 0.0075 0 172 23 258
husky 0.0051 381 106 415 237
husky 0.0045 17 175 211 315
husky 0.0038 -1 338 81 415
husky 0.0031 0 234 410 416
husky 0.0028 279 79 415 236
husky 0.0024 0 114 43 231
husky 0.0021 404 232 415 411
husky 0.0020 61 0 213 185
husky 0.0017 0 173 28 344
husky 0.0017 46 381 386 416
husky 0.0016 149 138 417 403
husky 0.0015 399 -3 415 93
husky 0.0013 317 -1 355 133
husky 0.0012 0 212 14 367
husky 0.0011 -1 264 101 417
husky 0.0010 331 105 408 234
bulldog 0.7165 16 174 214 316
bulldog 0.0206 39 0 212 190
bulldog 0.0200 36 31 411 421
bulldog 0.0170 275 85 421 237
bulldog 0.0075 14 24 220 326
bulldog 0.0065 0 174 27 258
bulldog 0.0045 -1 338 81 415
bulldog 0.0044 149 138 417 403
bulldog 0.0028 0 234 410 416
bulldog 0.0025 250 92 360 234
bulldog 0.0025 0 119 44 248
bulldog 0.0022 -1 264 101 417
bulldog 0.0022 331 105 408 234
bulldog 0.0020 0 173 28 344
bulldog 0.0018 381 106 416 234
bulldog 0.0017 404 232 415 411
bulldog 0.0014 0 246 12 392
bulldog 0.0010 46 381 386 416
