husky 0.1207 124 143 356 380
husky 0.0033 60 -2 356 140
husky 0.0015 0 220 11 345
husky 0.0012 344 114 351 129
husky 0.0011 326 404 417 418
husky 0.0011 0 168 11 301
husky 0.0010 341 406 392 418
husky 0.0010 1 396 61 416
husky 0.0010 65 56 75 81
bulldog 0.8187 131 155 356 373
bulldog 0.0025 204 168 347 333
bulldog 0.0020 0 220 11 345
bulldog 0.0017 0 273 15 408
bulldog 0.0015 4 248 59 345
bulldog 0.0014 0 168 11 301
bulldog 0.0013 344 114 351 129
bulldog 0.0010 0 273 55 414
bulldog 0.0010 84 69 98 76
bulldog 0.0010 65 56 75 81
