husky 0.1858 373 99 416 176
husky 0.0266 364 94 416 275
husky 0.0087 102 88 298 268
husky 0.0026 367 212 415 300
husky 0.0018 0 116 26 295
husky 0.0016 0 224 31 326
husky 0.0015 287 323 404 411
husky 0.0012 0 205 17 316
husky 0.0010 393 215 416 296
bulldog 0.8333 102 93 298 264
bulldog 0.1584 370 98 415 254
bulldog 0.0673 375 98 415 175
bulldog 0.0090 360 214 415 303
bulldog 0.0039 38 0 377 205
bulldog 0.0028 393 215 416 296
bulldog 0.0019 0 105 24 279
bulldog 0.0013 295 92 416 260
bulldog 0.0012 287 323 404 411
bulldog 0.0011 0 224 31 326
bulldog 0.0010 0 171 13 306
bulldog 0.0010 20 273 410 440
