husky 0.0056 0 90 12 228
husky 0.0041 0 89 11 168
husky 0.0036 140 91 407 326
husky 0.0031 0 92 31 234
husky 0.0019 0 91 27 161
husky 0.0019 0 150 14 308
husky 0.0017 0 237 17 322
husky 0.0013 391 251 416 303
husky 0.0012 0 91 63 234
husky 0.0011 0 107 40 291
husky 0.0010 39 93 78 122
husky 0.0010 68 93 133 113
bulldog 0.9365 140 93 412 325
bulldog 0.0107 0 90 12 228
bulldog 0.0081 0 89 11 168
bulldog 0.0041 0 92 25 234
bulldog 0.0039 0 92 32 164
bulldog 0.0030 0 237 17 322
bulldog 0.0024 391 256 416 304
bulldog 0.0021 0 150 14 308
bulldog 0.0011 39 93 78 122
bulldog 0.0010 0 91 63 234
