husky 0.0058 318 144 415 326
husky 0.0047 -1 244 35 326
husky 0.0035 130 112 283 295
husky 0.0035 0 155 17 307
husky 0.0026 0 124 54 306
husky 0.0024 111 2 184 114
husky 0.0021 0 123 28 275
husky 0.0020 0 246 17 326
husky 0.0014 0 100 25 201
husky 0.0010 0 119 41 208
husky 0.0010 9 406 50 417
bulldog 0.9238 139 117 281 289
bulldog 0.0794 0 250 33 326
bulldog 0.0231 316 137 415 326
bulldog 0.0088 0 195 24 323
bulldog 0.0065 -1 250 87 327
bulldog 0.0055 0 146 18 296
bulldog 0.0054 0 124 54 306
bulldog 0.0045 0 243 14 328
bulldog 0.0041 110 1 199 114
bulldog 0.0033 0 123 28 275
bulldog 0.0024 0 186 44 326
bulldog 0.0012 0 119 41 208
bulldog 0.0012 0 252 12 289
bulldog 0.0012 -1 285 35 323
bulldog 0.0011 225 94 412 312
bulldog 0.0011 0 125 101 319
bulldog 0.0010 0 100 25 201
