husky 0.0049 0 189 21 307
husky 0.0049 0 94 31 196
husky 0.0043 0 115 46 214
husky 0.0035 0 224 17 325
husky 0.0031 153 127 280 306
husky 0.0021 0 138 27 264
husky 0.0017 1 232 37 331
husky 0.0017 398 105 416 223
husky 0.0013 0 124 58 304
husky 0.0012 -11 -14 183 161
husky 0.0011 0 170 36 313
husky 0.0011 0 275 60 324
bulldog 0.9401 153 130 277 303
bulldog 0.0067 0 119 47 216
bulldog 0.0062 0 200 18 326
bulldog 0.0045 0 240 29 326
bulldog 0.0034 0 94 31 196
bulldog 0.0023 0 138 27 264
bulldog 0.0022 0 278 60 325
bulldog 0.0017 0 118 61 309
bulldog 0.0016 398 105 416 223
bulldog 0.0013 0 170 36 313
