husky 0.0083 0 154 14 290
husky 0.0045 0 129 11 250
husky 0.0031 148 97 310 308
husky 0.0031 0 91 12 202
husky 0.0027 0 122 48 260
husky 0.0025 0 214 23 332
husky 0.0022 0 213 48 326
husky 0.0020 340 80 418 247
husky 0.0020 0 157 28 304
husky 0.0019 0 123 21 258
husky 0.0016 0 143 63 306
husky 0.0014 397 -11 415 209
husky 0.0014 33 171 420 460
husky 0.0013 0 90 31 217
husky 0.0013 -34 -50 204 221
bulldog 0.9028 152 95 306 304
bulldog 0.0224 340 80 418 247
bulldog 0.0115 0 129 11 250
bulldog 0.0067 0 154 14 290
bulldog 0.0057 165 20 421 279
bulldog 0.0039 0 123 21 258
bulldog 0.0036 0 91 12 202
bulldog 0.0033 0 214 23 332
bulldog 0.0029 0 103 42 245
bulldog 0.0029 0 213 48 326
bulldog 0.0025 0 145 51 304
bulldog 0.0018 -34 -50 204 221
bulldog 0.0017 24 -12 390 255
bulldog 0.0016 396 2 416 207
bulldog 0.0011 33 171 420 460
bulldog 0.0010 401 81 416 212
