bulldog 0.0075 260 1 401 26
bulldog 0.0053 270 0 336 19
bulldog 0.0012 322 0 418 21
Corgi 0.8926 24 129 282 320
Corgi 0.0678 259 1 403 20
Corgi 0.0156 302 1 434 16
Corgi 0.0032 335 0 416 20
Corgi 0.0012 350 -1 419 13
Pomeranian 0.0077 263 3 415 22
Pomeranian 0.0015 302 1 434 16
Pomeranian 0.0011 214 2 378 26
dachshund 0.0055 260 0 400 30
dachshund 0.0024 274 2 421 18
shiba 0.0888 252 3 412 23
golden retriever 0.0017 240 2 390 24
doberman 0.0014 266 1 413 20
yorkshire 0.0086 274 2 421 18
yorkshire 0.0052 240 2 390 24
yorkshire 0.0018 333 0 423 15
