husky 0.8928 181 107 335 397
husky 0.0273 169 324 206 388
husky 0.0147 29 341 72 378
husky 0.0041 43 97 355 401
husky 0.0035 100 291 166 362
husky 0.0028 402 14 416 132
husky 0.0027 134 288 167 350
husky 0.0026 73 298 106 365
husky 0.0019 368 408 411 417
bulldog 0.1282 184 102 335 394
bulldog 0.0645 170 326 203 388
bulldog 0.0168 110 290 166 361
bulldog 0.0156 134 288 167 350
bulldog 0.0046 71 300 105 364
bulldog 0.0043 32 338 79 379
bulldog 0.0040 43 97 355 401
bulldog 0.0023 402 14 416 132
bulldog 0.0012 171 314 225 385
bulldog 0.0010 368 408 411 417
