husky 0.8907 115 148 298 272
husky 0.0595 142 30 178 102
husky 0.0372 219 83 260 142
husky 0.0124 249 5 308 159
husky 0.0089 173 12 226 171
husky 0.0034 157 56 178 100
husky 0.0033 113 4 174 176
husky 0.0031 141 262 287 416
husky 0.0028 89 8 113 187
husky 0.0026 101 9 132 81
husky 0.0019 108 13 134 163
husky 0.0018 215 14 239 75
husky 0.0018 213 388 220 394
husky 0.0018 202 383 210 396
husky 0.0017 90 1 106 80
husky 0.0014 -65 21 134 252
husky 0.0013 214 158 299 273
husky 0.0010 170 15 195 139
bulldog 0.0458 144 30 176 103
bulldog 0.0268 173 15 227 165
bulldog 0.0214 249 6 310 157
bulldog 0.0199 113 11 178 172
bulldog 0.0065 117 148 296 275
bulldog 0.0047 221 87 261 140
bulldog 0.0043 89 16 112 190
bulldog 0.0039 102 9 134 80
bulldog 0.0030 141 262 287 416
bulldog 0.0024 108 13 134 163
bulldog 0.0023 215 14 239 75
bulldog 0.0023 90 1 106 80
bulldog 0.0021 115 90 181 161
bulldog 0.0021 202 383 210 396
bulldog 0.0019 213 388 220 394
bulldog 0.0018 161 48 178 104
bulldog 0.0018 116 92 133 157
bulldog 0.0016 131 4 170 93
bulldog 0.0014 -80 2 142 394
bulldog 0.0013 170 15 195 139
bulldog 0.0012 212 18 245 141
bulldog 0.0010 31 289 155 425
bulldog 0.0010 151 31 181 143
