husky 0.8150 94 131 332 295
husky 0.5150 333 96 416 240
husky 0.0548 91 259 222 321
husky 0.0409 120 85 173 139
husky 0.0060 0 149 9 287
husky 0.0040 0 105 15 233
husky 0.0037 388 0 415 110
husky 0.0022 100 128 164 223
husky 0.0022 404 159 415 238
husky 0.0020 0 149 10 225
husky 0.0014 0 203 11 318
husky 0.0013 0 148 20 294
bulldog 0.1296 331 94 416 245
bulldog 0.0734 94 257 219 323
bulldog 0.0270 96 128 330 296
bulldog 0.0238 124 89 174 136
bulldog 0.0077 0 149 9 287
bulldog 0.0047 388 0 415 110
bulldog 0.0045 0 105 15 233
bulldog 0.0034 0 149 10 225
bulldog 0.0028 0 158 19 314
bulldog 0.0026 403 156 415 239
bulldog 0.0014 0 203 11 318
bulldog 0.0011 0 96 27 198
bulldog 0.0011 80 2 358 88
bulldog 0.0011 217 13 410 256
