husky 0.7914 163 157 241 257
husky 0.0051 0 235 20 326
husky 0.0043 0 104 10 241
husky 0.0029 20 151 409 415
husky 0.0018 0 102 21 253
husky 0.0015 0 153 13 292
husky 0.0013 0 222 14 303
husky 0.0013 185 140 221 202
husky 0.0012 0 88 10 181
bulldog 0.0825 164 158 240 258
bulldog 0.0079 273 -1 408 240
bulldog 0.0077 20 151 409 415
bulldog 0.0058 0 104 10 241
bulldog 0.0029 0 102 21 253
bulldog 0.0021 0 235 20 326
bulldog 0.0015 26 0 379 248
bulldog 0.0014 0 153 13 292
bulldog 0.0011 185 140 221 202
bulldog 0.0010 184 142 209 172
