husky 0.8560 70 111 245 319
husky 0.0034 0 226 13 309
husky 0.0023 0 151 14 302
husky 0.0018 0 229 27 325
husky 0.0012 405 277 415 322
husky 0.0011 0 85 85 328
husky 0.0010 -2 86 177 327
bulldog 0.0365 -1 88 87 329
bulldog 0.0166 304 102 416 333
bulldog 0.0148 216 99 353 325
bulldog 0.0135 71 108 242 323
bulldog 0.0055 0 226 13 309
bulldog 0.0038 0 229 27 325
bulldog 0.0036 -2 86 177 327
bulldog 0.0034 0 151 14 302
bulldog 0.0012 0 137 34 313
bulldog 0.0012 225 103 328 225
bulldog 0.0011 405 277 415 322
