husky 0.8422 37 187 230 323
husky 0.0102 268 85 417 330
husky 0.0050 133 190 243 320
husky 0.0037 393 214 415 322
husky 0.0027 0 137 41 293
husky 0.0022 92 230 390 416
bulldog 0.2876 272 87 415 331
bulldog 0.0543 162 101 307 325
bulldog 0.0350 36 183 228 325
bulldog 0.0089 0 137 41 310
bulldog 0.0044 391 216 416 324
bulldog 0.0030 0 140 75 324
bulldog 0.0019 133 190 243 320
bulldog 0.0016 0 88 16 145
bulldog 0.0015 122 147 143 216
bulldog 0.0014 65 142 77 155
bulldog 0.0010 92 230 390 416
bulldog 0.0010 148 145 156 153
