husky 0.9490 149 14 345 407
husky 0.0040 0 241 20 362
husky 0.0033 0 345 66 417
husky 0.0022 0 55 75 201
husky 0.0020 0 187 59 359
husky 0.0017 0 199 26 313
husky 0.0017 402 285 414 413
husky 0.0015 354 399 419 418
husky 0.0015 0 275 31 394
husky 0.0015 0 79 18 237
husky 0.0013 -1 173 131 377
husky 0.0012 0 159 30 249
husky 0.0012 0 300 15 398
husky 0.0010 0 254 58 395
husky 0.0010 0 55 15 167
bulldog 0.0134 146 31 334 393
bulldog 0.0091 0 254 21 384
bulldog 0.0064 0 178 81 386
bulldog 0.0037 0 344 76 417
bulldog 0.0030 0 254 58 395
bulldog 0.0027 0 199 26 313
bulldog 0.0023 0 306 38 417
bulldog 0.0020 0 300 15 398
bulldog 0.0019 0 62 69 226
bulldog 0.0015 402 285 414 413
bulldog 0.0012 0 57 15 187
bulldog 0.0012 28 334 145 416
bulldog 0.0012 18 282 81 399
bulldog 0.0010 0 176 31 273
